index, processing time, calss, direction, setup, inisetup, quantity
0 8 0 0 40 40 1
1 52 0 1 26 40 2 
2 65 0 2 40 40 2 
3 92 0 3 40 82 1
4 99 1 0 40 40 5 
5 2 1 1 12 12 2 
6 45 1 2 12 12 2 
7 95 1 3 12 12 1 
8 31 2 0 16 43 1 
9 85 2 1 43 43 2
10 8 3 0 40 40 1
11 52 3 1 40 7 1 
12 65 3 2 9 40 1 
13 92 3 3 62 40 1 
14 99 4 0 40 40 1 
15 2 4 1 12 12 2 
16 45 5 2 12 12 2 
17 95 5 3 12 12 1 
18 31 6 0 43 43 1 
19 85 6 1 43 43 2
20 71 6 2 34 33 1
21 25 6 3 54 18 1
22 64 7 0 50 20 1
23 52 7 1 4 40 2 
24 65 7 2 40 4 1 
25 92 7 3 4 40 1 
26 99 8 0 40 4 1 
27 2 8 1 12 12 2 
28 45 8 2 12 10 2 
29 95 8 3 12 12 1 
30 31 9 0 23 43 1 
31 85 9 1 15 43 2
32 71 9 2 34 33 1
33 25 9 3 54 18 1