index, processing time, calss, direction, setup, inisetup, quantity
0 8 0 0 40 40 2
1 52 0 1 26 40 2 
2 65 0 2 40 40 2 
3 92 0 3 40 82 2
4 99 1 0 40 40 2 
5 2 1 1 12 12 2 
6 45 1 2 12 12 2 
7 95 1 3 12 12 2 
8 31 2 0 16 43 2 
9 85 2 1 43 43 2
10 8 3 0 40 40 7
11 52 3 1 40 7 6 
12 65 4 0 9 40 2 
13 92 4 1 62 40 6 
14 99 5 0 40 40 2 
15 2 5 1 12 12 2 
16 45 6 0 12 12 2 
17 95 6 1 12 12 2 
18 31 7 0 43 43 1 
19 85 8 0 43 43 2
20 71 9 0 34 33 1
21 25 10 0 54 18 2
22 64 11 0 50 20 1
23 52 12 0 4 40 1 
24 65 13 0 40 4 4 
25 92 14 0 4 40 1 
26 99 14 1 40 4 4 
27 2 14 2 12 12 2 
28 71 15 0 34 33 3
29 25 16 0 54 18 2
30 64 17 0 50 20 3
31 52 18 0 4 40 1 
32 65 19 0 40 4 3