index, processing time, calss, direction, setup, inisetup, quantity
0 8 0 0 40 40 1
1 52 0 1 26 40 2 
2 65 0 2 40 40 3 
3 92 1 0 40 82 1
4 99 1 1 40 40 2 
5 2 1 2 12 12 1 
6 45 2 0 12 12 2 
7 95 2 1 12 12 3 
8 31 2 2 16 43 1 
9 85 3 0 43 43 2
10 8 3 1 40 40 1
11 52 3 2 40 7 1 
12 65 4 0 9 40 3 
13 92 4 1 62 40 1 
14 99 4 2 40 40 3 
15 2 5 0 12 12 2 
16 45 5 1 12 12 2 
17 95 5 2 12 12 1 
18 31 6 0 43 43 1 
19 85 6 1 43 43 2
20 71 6 2 34 33 1
21 25 7 0 54 18 3
22 64 7 1 50 20 1
23 52 7 2 4 40 2 
24 65 8 0 40 4 1 
25 92 8 1 4 40 1 
26 99 8 2 40 4 1 
27 2 9 0 12 12 2 
28 45 9 1 12 10 2 
29 95 9 2 12 12 1 