index, processing time, calss, direction, setup, inisetup, quantity
0 8 0 0 40 40 1
1 52 0 1 26 40 1 
2 65 0 2 40 40 1 
3 92 0 3 40 82 1
4 99 0 4 40 40 1 
5 2 1 0 12 12 1 
6 45 1 1 12 12 1 
7 95 1 2 12 12 1 
8 31 1 3 16 43 1 
9 85 1 4 43 43 1
10 8 2 0 40 40 1
11 52 2 1 40 7 1 
12 65 2 2 9 40 1 
13 92 2 3 62 40 1 
14 99 2 4 40 40 1 
15 2 3 0 12 12 1 
16 45 3 1 12 12 1 
17 95 3 2 12 12 1 
18 31 3 3 43 43 1 
19 85 3 4 43 43 1
20 71 4 0 34 33 1
21 25 4 1 54 18 1
22 64 4 2 50 20 1
23 52 4 3 4 40 1 
24 65 4 4 40 4 1 
25 92 5 0 4 40 1 
26 99 5 1 40 4 1 
27 2 5 2 12 12 1 
28 45 5 3 12 10 1 
29 95 5 4 12 12 1 
30 31 6 0 23 43 1 
31 85 6 1 15 43 1
32 71 6 2 34 33 1
33 25 6 3 54 18 1
34 25 6 4 54 18 1
35 25 7 0 54 18 1
36 10 7 1 25 13 1
37 24 7 2 12 34 1
38 21 7 3 9 6 1
39 46 7 4 24 36 1 
40 99 8 0 40 4 1 
41 2 8 1 12 12 1 
42 45 8 2 12 10 1 
43 95 8 3 12 12 1 
44 31 8 4 23 43 1 
45 85 9 0 15 43 1
46 71 9 1 34 33 1
47 25 9 2 54 18 1
48 64 9 3 50 20 1
49 52 9 4 4 40 1 